111100111110111100001010110010000110001110110000001010001000100101100111
110111001100101011000010100111110100000010000101101100101110001100100100
110101111000110001010000010001010100010100110110111111110100001010111111
100101011100110100010110101110011101000100011001000000010000011101000000
001101100100111010011111011001001101111100101000001110010000100100011000
010110100011100100111101010110111100110110000110101000101110111001100111
100111100110100001010101011000100111110101111111011101000100110010101111
000011110000100110011010000101001000100100101110111100101001101110100100
010110101111110010100111110100101010011100111100111100111100100000101011
000010000100010100110010000100010010110110111101000000100111110011000011
110001001011001110011010111110101110010111001111110011100011000001000001
001100011000110110110110011001101111101101100011000010111011111001011101
001001101101110110001011110001101101011101001110111010101101001111010100
110001011110101011101010101110001001010101101000000100000111110000101110
000110010001001000010000010011011010011110000100100100111110010011010001
001010110101100011100101000001101111100110000000110100000101001110000011
101100101110100011111000110111101000010011001000111000011000011101100101
100010100010011101001111011000010001010011000110110000101011011111010001
101001010111101000111000100110100000111000110011100010100101110110011111
000001110101111001110100001100100100100110011111100100101011001001111101
100011101101111001101011000110000000110100010000110001001010100100101011
011011000110010010000100110111001100011100101000011001010100010100011101
110010011111001111110111110100011011110010010101010101000010011100010111
110101010001001000101011100110001010111011111001011110100111111100111011
100000101001011101000010000001110110001101000010100101001001110111011101
010011001111010010110001100110011010000110111111110110001010100001101100
110101010011010101011010100100111101101100111101000000000010100000011101
110001011010010111101111010101010111010101100111010001100010101110010000
100110101101010011001100101110100001011101001000001111001100111111110000
010110110011111101101010100110111101110101010001101000101110111101000010
000000110001111000011100000011111111111011100000001010010001110100011110
001001010011011011000010001111001100011010011110010000000101001010011100
101010010010010000010111111001011110011010001001100101110000101000001101
101001110010101001010010010000110010100101101101000001010010001000110111
001111001000111110100000011000101010110111100011001000001110000110101011
101101001000000101100011001101011000110011011101001000101111001101110011
100011011101011100000100111111101110011101001111000010101001111000011000
110000000011000100001001010011000010011010010000010111010111011000001110
111110011000101111010010001010011000001111101001100000010111110011011100
011001111110101110111111000011000100010001001111100001101001111101010010
110100010010111111000111010011010100101100011100000110011011100110100010
011000010100101001111100110111111111100110100100001111110101001110100111
011000100011000011011110100011110100110111011100000111101100000110101010
110100100111001110000011001100101110100100000000000001101010000101111011
010010010010100101101101011110111101100110100111001111111010000110000111
100111010001111010110111111100110111010010010111101110001100111100000011
010000010100100010001011010011010000001111101100010111110101000000010101
011100101100011001101100001011010100111001000000110100100011110100101001
111111100110101100011001001100001110010000100011000101011001011101110110
100000100110001100101011100110010011001011101011001110100101100001111011
101010111010000010010011000101000101000101111111010001101111101110010000
011111010010110000010101101111011100011110111010011010100001000111100011
000000001100101001101010100101010110111001101000110010000111000011100000
110110100101110001101110000001010100110111100100010001001101011001011110
000011010011001110111011100011011110010011111110101001111100101010111100
010001011011100000011110100010001000101001111011010100010010000100100101
000100101100101001001011011000100010000100110110010110011001011010011011
100110011001010110010111011110000000001000111100011000101010011101101001
010111110010001110010100010101000101010001000101000011010000101011110010
101111011110011001111011110110000101001110110000111011100011011001100011
101101110001111110010010111110101011101111000100101101000111100001010101
001011010000100110010011010001101011010010001110101101000101011100000001
100011001000100111010010010000011010111111101101000101111011010111010100
010100011101010110001011110000001001100010100011001101000001001101110111
011011111101011011101110001001000101010100101011001110101101001001100101
111110011110100011111011100010111000100011001111000110100100111001011010
110101000001011100111011110001011001000010111001010011100000100010011010
001100011011101100000001000101101110111010100101101101100100111000010101
110000110010100110000110110110101100111110110100000011011000010001010100
011011010111010101100001100101100001010001101001111110000100010001000000
010110000101100010011101001001001010111111001001010000100101001101010101
010110001101111001111000101010111110010100100000011110110110101000000110
100110011101100011001101001011011100101100010011111011011111010000001011
010010101000101000100100010111010011001000010010011001100111110101101001
010110111001010001011011001100111100111001000001100011111100111011000110
110111001110001010001100001000111100010001000001000110011101110000011011
010010111110010100011011010011111110010101100110111010001000010111110101
011011000110110010111100001111001100010101100100111000110001001110101111
101110101100111101001010000111001000010101110000110011111101101001101101
011101110001110100011101110000111001011011010000100010101101100100000111
010010100100100011111001000001000011100110100000111011101101000011001010
010110101001111011010001101000001010000100010101100100010110111110111001
011001111001000111110001110010101000101000100110011011100100000100100100
101110101001101010010010000111101000110001111110110111101011101011001101
000110101111001000110011001110010001011010110011000010010101100100011110
100001100101100100010010011010000000010011101101101110111110101001001100
010100111000001111001101010100100010000100100101000110011011101101111100
000010010001001010100111000100100001000100011110100011111111101000110001
000101111111000011110110101101010000101111001001010001011010111101111101
001111010011110111111001100111011100011010110001110011101010111001100010
101101000101001101110011101010001111011000100010101000101000100011110111
101101101000010110100101000111001111001001000000010011111100000101001001
101001001000111000000010101001110110011101111101100111001111001010100010
111001010001101110001100010010011111110110011100000101100000001110000011
010110011001111011011100101100110101000110001101000111111000111111010001
001110010100011101111000001001101010001111110000101001001101011101101010
101001001000110101010000101000001101001000001011110011001101001111000000
000101001100001101000011111111011000010100100010010011111100000010011001
011000100101110001011010111011011111001001110011110001110011010111010110
001000111101010010111100101110111001011111110101111111100111101001000111
001001110001001010100010110000100000110000100101110001010110110110011011
001111011011110100111110111110011000111010110000000111110101100001100001
100101101110001011110010100111001111001100100110001000111100010101001111
100011001100111010011011111110000000100110110011000101001110110001011001
010001101000100001010110010110000000000100111101000110111111011001001011
111001111101110111011111011010101000111111000011010101010110100111100011
110101101111110101110001111111100100010101110110100100010111000110111011
101010000011110111011000000101111010001000110001110111101111000100000110
100100001111001100001001000011101100100111011101100010010001111001010001
101111010011010010101111011001010101010010101001001010110000001010111000
010111001000011001001000010110111011111011000100110010110101111010101001
101001010111100110100011000110001101110101110111000001101110001111000000
110101101101001110010100000100101110000111011110010000001111111101111101
010101000010011100101010101111000011011010100010000011001111011100000101
011011001100001010110000000000000101001011001100010010011001001011001101
101001100101100000100010110100010100010000110100011000011001001111110010
001101101001010111101011100100110000010101000001111110001011000100100010
110100011000000111111100000000011001101001110101110011011111110010000111
000010100011110001110101100111011000111110001000111101011010110000111001
001100111100001010000010001001101011010000000101010011001101011110001001
000010011011111001100011011011111101000100011110000000001101100010110010
011110110000001111001111100001001000011111111011011100001101000100111101
010001101011101011110110101111001001011110000001101110010100100000101010
001101011111110000010010001100110000000101010010010011110000001101100100
001011110100011010110000001011001100010100111010001010110011111000111100
111010001100111110101011000010001101101011011100111000000001101011111010
001110111011010000111010111011111000001001110110011111110111001111111110
011000101011110101100011100110111001010011110100010011110001011111010011
000011100100101101000111010000000000110010000110010011111101101001001000
000111110011101011111011011111111100001000010100011100001010101110110110
111001001111101000010101100111101101000111001101101101011010001111000011
000110111001110111110001011011111110001100011000000000101101000111111101
101011011010100011111000100110001100101010000100001100110101011101111000
000011011001000011110000110010110100001100000101011011001010000110100011
001010011111011100000010000011111100101010110110110010010011111101111110
111100111010011011010100011100101011111010110011110100100010100010001100
111100110110001010001100100010010100111110011110110000011010111100101010
111000000000010111001111101111100101101101000000100010010101011101001111
010110110111110010110100000010101111100111111110001010000100110011101100
111000001100110000010011111001010011011110001001100101010111100100001000
001101010000100001111101110110110000000000011011000100111100101101101101
011110011011000011001011100100001111010111011010100001010000010001100111
110000110100101100101101010011101101110110100110101011111110100010110101
001010100001110011001000111100000111101101010001101011000011011000110000
100100110011011010111111100000010010001100000011001010111011011100100110
101100100000001100101011010001011111100000000100111010011011111110000000
100110001110111110000111101100110010010001010001010001101110111110111011
101001100111101010001000010011111011000001111011101001101100001000101111
000011101001010100110111101000101100110000000010001110011111011100111101
101100001110011111010100110100010010010100001110011011100110100101100100
101110100101011101111101011011101011011001101111011101011110100000111011
011101000110111001011000011100001011111110101100001101111001111010001110
000110110111000110001100100101100011011100000001001000010100000000001111
111111100000001110100000000110001101111111101011001001000111110010101010
100101010110001010000001001100100010111101001110110110010101111110011101
001110111100011001101010011110010010001001000001101000110001010111110010
100000110001010010101010100101111111001001110111011110000000110111010110
011001000101001001111100011000111010110110010010100010001100011100110011
010111110111001110111011101100011001110111111001000001110000001001101110
001011111110111110100101011100101000011111100111101111000110011111111010
100111101001001000101011100001000011100110010110100101001000010011110101
100011000110010001000001110110000001010001001101001001100011000100001001
010100001101011011001011010000101111011101001000100001111111001100101011
011111100000101010111011001100001111111110100111101010110010011010101010
001010010111111110101000110011100001000010001110110010101111101101000101
100011000110100111001111001010000000100011011001001111111000000100110110
111001101110001111111101111110100000100011010001110101010101001000000001
110110001111000010010111111111010001010101001001100100011111110100101101
001010100110100111000000011001101100110110000011110110001101011100011010
011010000011011101001101101100111010110111011001100000010100101001010000
111010000010010000010011110111100111111110011011010111000001110101010011
010011110000100010100100000001110111000101101100011011011000111110010101
011111010111011101110011011101001100001010011101001000011100000110110011
010001101011010000000001110100101100000101110110011011000000011001011000
011010111010111101000100001010011110101001010110011001100001000011000000
110101010110000011111111101100111101000010000101001110000010011100010110
100110110000010110111101100110100101010010011100101011100011010000101110
111100110111011010011010000111101011011000101010111010010101010111100000
001000011000001111000011001000110010010110100010110101000000011010010001
011110100110000000100001101111011000011000010010100110001110111010001100
011010101110000111100000010000001111101011011000111001000001001010110010
101000101001100000101000111101111101111011001001010100010100001111100001
000100110100101101101100010111011010101111100000110100111001100011001110
101101110101000100010111001010000110000100000010001011011110001010101111
111010010011111010010110000111010111110011101000111100101110011000100101
110000011100100010101000100110001001100011011110100011001010011001110011
100010000101011110100000011010100001011000001110000010010111100000101111
111000001100101110110111101110001000010101111011000111001111001100101001
110001101110011010110000001101010110011000010111000000110000111101000100
111100000011100100011101000010111000110111001001100011001001010000011001
011111101111011011111111110100001111101000101000010101001011011000111001
111000101110010111010110000110001101111100111100010001000011011011101111
100111110110101100010111001111111101010010100010011000101100011101011110
100101110110110000101010001110101111000010011011101010010101011100001100
101001111000001101000010010100010111000000011001101000011100101001101100
011111001100111001010010100001000111011000011111000000010110000011100000
001111011101100111011011001011111010111001110111111010111000111010010010
110101110001011101110101100100001011101101010100000010000001001100111001
100101001010010010100010101001110010110011010010110111000100100101110111
110111100100100111101111000001110101100110100011110001110110011001111111
101101110110001011010110110001101110001011001001110100111101011001001101
011011100111100000000100001001100001111010101111011000010110101101111010
100001100001000101111001010100110110100100011001110000100010001010100100
001111001011001000000111100110010101100001111010000011111101100001111110
001000000000011111000100001110100000100100101000001011011111101111101111
110010110010111100011100010101010000011111100011110001000011100000011100
011110000000101000100101000110001110111111010110100010110110110001010111
110101111011000111100100010001110000101101001011001010111111011011001111
010001100001011100101000101100000000010000100000111011100010000001000000
101101110001011011011001100010000111000010111110010110010011111110011100
111100101110101000110111110000000110101000110011110101011001101100111001
110110001111010100111001110000111101111001100000011111001101110110001111
000100111100011101011000100001000010011100101001000111101101100101100110
111011111100010011101110100110001100010110010011111100110110110001100111
111100011100111010001011101011100000100000010011011000110111010010100110
110111001001010100001010001110101101101001110101101010110001000110000101
010110000111001001001011001010101110111000100010010111011011011100001101
110101100111000001100011011101010000110100010010000001101011111001011111
110101101101001100100000101010000010000110100011101101101001101111111101
111000111001111010100111000111010110001101010010010000000010101010010000
111010011011011101111010000000011110111101000010100001001001101010110000
100000010011001100110000011011011110111101001011001001010111000011001111
001100101001110100010111011100010100010111000110101110011110111011011100
001010000011011000001100001111010111100001101001001011000011111100100100
011101100001011011100001111101000100011011010111010110001101001011110000
101011100111110000100101010110110010100101110100110100010001110111110100
011001011001100110001111010000010010100000011000110001100111010011011010
111000011011111000100101010010001101100000101101110100101101101100010101
111001100110000101011001011001110011101100101011100001000100001000100010
110010100100000010010101111000011110100111101101110000100000001010000111
001110011111101101100001010001000111100011001101110100001011011001101000
100100010000100011010111001101100010011001011110011110011111001000010110
001010010001000111100000111101111010011010100010100110001110001100101111
101100101110010111111011001010101001011111110101001100010010000100100001
110010110011010111101111001011101100101000110101011101001100111001001100
011001100110011101011111011011010110000011010111110000101100001110111010
100011100100100111111101100000110111000000010001101111001011001010011011
010111011100100001011110111010101011110010000000001111010110010111000001
001000100000101010011010110100100011001101101001000001011101111000100011
001101011111010100000000010110010111010101010001011011010101101110011000
101001110011101111000111101101100000111011101010010011101010000000001000
110001000001110101100100100000010010110110111101011001110110010011001010
001111100000011010011010010110110100010100100101100111110001010000010000
110100000011100100000010011001011001001100011101100101000110111001101111
100010000000101110001101100011001010111111001110111011001000101110101010
110001111000100100111000000101101101111011011001010101101101111010101001
100000101001110010101100110000110100111111000001001011001101100010010101
000110010011101010100001010000011000001101001000000001100010011111110100
010111111111001000111000000010011100011100011111000111011010011001000010
011111111100001100110010111110000111000000001001010001111010010000110110
011111000100010111000000001110110001111000001001101101011101010001110110
100000100011010110011111001010000011101110010001010001101001101100011110
011001100100000100010011010111111011001010110100010011110011100011111110
101100101100001100011100011000011001001111101011111001010111110011111000
010101111011110101011100010100100010101000011011010100100110010011000110
110011110101001011010011111100011011100101001000100101011111011110001111
001101111101100011110011111001101011110000110111111110101000110010101101
111110101011001110101011001100011110000100000011010111011001001100000010
000101000011100100001111111100100110100100100110010111001101111011001111
101100100111011101011010100011100110100111010010111011001000000011001000
101100100001110010010011110010000011001011000010011101010000000100010111
010111100010110000000011010101011000110011011011011111000011110000111110
101000111001101000111101111000010011000010100000011101110011000100000001
010010010110100101001111110110110111111110000010100110001011100110011100
100100100011011100011100101000110111101100001101000110101111100111010100
111101001111111000110000111101000111011101000000001101110011111000101010
100100100010000001100000010011011001000101100110000010011011010110100111
001000101110011101000010100111001001010111110100010010000000100100010001
100010011111101101100110011000110111100111001110110101100100110101001010
110100111101000010100110010011000111100011111100010001000101011101011011
100000001001100110001011110011110010000000100110000101110111110110110110
110100100100011000011000010001110111101101100011110011100101010111000100
110101010110000010100011111101111011110001000011001000101110011110000000
001000110111111100101000101111110010001111010100110110101010011010000010
111101110101000101100000010011000110001010010000111011010001101100100010
011010101001100000111101111000001110101101010010110000110010110011101011
111100011011001000010101011011100000101000000111110100011010101111001101
001010110000011010001110010110011010011010111010100011001010001100001110
100001011011011110100010011010000010010101001110000000101000011010011011
011110110010001101000100111010010101000001100010111001010100001010110100
010011101001101001001100110100101110100001111011111011100100111010000000
111101010001110000011110110110110100001001000000001100011011100110110001
001001101011111000110100111011111001111011000110101101110110001001110100
000011100010011001001000101011011010000010011111001000010111110001100101
100011101101101110000010100110010011011101111001001000010010011000001111
100000110110100001010110110110000101100011001000101010010101101111011010
011101110011100110001110001000000100111101011100100011111010100110100010
101011001010001101111000011000010101000111111101001101101011110110111110
001111011101100001110111001110110000101100010010100011111000011111111001
000011101101000101110000111011001000011101001110001001010101001000001100
100010010101000000000101111101110101101001101111010000101110001011010110
000111110101111100110011010001001001010000110000011001000001001101000110
100110010100000100000100101110010001001001001011010010100010011011000100
010110001000010110111001101111110000000110010001011011111000101001001010
010000000101010111111011111010110100100111110100011110001100011001001010
101001000101101000001100100001100000000010001101101111101111001001001110
110000100010100011011100100011110111011010010111010010001000011011110011
000010111010010101000101000000010011010010011111011000010010011001100001
010101100001000011111001111110011111001101010011100010100101101010100010
111111001110101111101001011010011000110001110011100000100001000101110000
111110100100100100111101001001010011001111101000011101111011101100000111
011011010111000001111001000011110111011100010010101111011000011001010101
100101111000110010011100001111001011100001110111111001011100000101011111
000011100010111011011011110000100100000001101000011110110110111001011010
000110111001110111100001000111110101010110000011011010110111100100001011
001001100111101100110100000100000010101110000100111001001101100101111001
011101100101001011100110010010101010000010100100010010111110100111110111
111101101010001111101010101111100000010111111000101100111110001001000010
001110000110111000100001101101101100101110101011101101011000100010100011
000001111111010010000011101100100101000111011010011100010000010101001010
011111100010011010001110010110111001101000011011001110111000010110010111
110111011110101001000000101100011001000111000100111111101001001011110101
100100111001101101010111100110001011110010110101000001111100001110001001
000110010000111011010101001101001010010110101100011001101001000111011000
001111010101111001000011110011111010111001111001001000110101011110101101
011101001101010000111000001111111011111011110110001110010111000101011110
001010110011011000100000101000000111101000111011011011000110110111101000
001100011110101110111100111011011100001100010100111001111000100100101011
010100111001111011101111101001110101110010001110001110101011100000111100
001110010101111000011011100000100011010001100000100011100100010011011011
101010000001011000001011110010010111111001100101101000111001000011010110
100110000010000000100111010001110111010011101100110101000101010011011010
100010001111001110011000001101111011001011111100101011111001110110000101
010101111100011011111000000010100110010000001000101001101101011000011011
010110010110100000101000101010011011010101110000010000010111111010101111
101101110110111101110010010101011100011100111111000001000011110111110001
000111011011101000100111000101001010011110100001111110010000100011010101
011000111000000000001000111101001011000110010000000111100000001100000001
001001001100011001001110110010110010111101100000110101100101010001111001
100100001010000010011001011111001010110001001000000010111000000111101101
011111000001010100100111011100011100100100000010000011000111100010101111
010011010001101011111110101000000001101101111010101011111011011011011101
011100111100011111110000001111111001010100001100010110110011100000101000
000010001011000001111101110110100101001110010100010010101111101101101010
100110011010011100001111001010000011011010011110010111010111101000110011
111010011000000011101000001000011100101011111110001001001110111001110011
000111001101001010001101110100000010110000110011111001011001001100110110
101110001100001110010101010000010001001010000111101011111111101001100101
101101111010100001011111010000011101010110010010110101010010111010111111
110011001011000000111010000001110111001101101111101100111111000010110110
001110010100011110010001011000100011000010010001000110010100111110110110
011010100111011011000101010001000000010011010111010010111111000000000001
100011110111100010010000000010101100000111010111111111101100101011101111
010001011100010101001100010001111111011101001001101010111110101010100010
011101011000011101111011111110110000111011010001100000111000100100101000
011010100000000100110101011101000101101100000010000100000110010110000000
000001000010110101111100100000000100011010000010001111110110011001110010
000000100010001000001100111110100001011001001101101100111001001101001101
011001101111100001101011011111010111011100110110010110011100100111010110
101111100011001111000001101000010011101101001100101101011111101100110001
101001111001101000010110101101000000111111001111011000110000010011000110
000111110000011010011110010000000101011111110111111000000010011001010101
010001110011111100100010111101001001111000110000110101110110010100110010
001011000110000111100010000001010111001110110100000101100110111111011100
101110100110100101111100001110100011011000011101000110110101111110001000
011100000001010000111000110011010010010000100110100010001100010011010010
101110100101001110011010111100010101111111111001000100111011010000110001
110100001001011000101011000010100110010100000100100001100111001001000010
111111101111100101001101001100110001011110101111011101111001111101001110
000111010110001101011101101000001010110101101111011111000100000101110100
010101110001111101101111010000010000111010111101000011100001010010110011
000111101100010111000001010001000001111001101110010011000000001011100110
000110001001101011010111001010000110110000111010001010100000110101111111
010110110011001010001011010101000010001001001110110000101111110111100100
001100011001011110101111011001100010011101101000110001100010000000001111
100010001001101000000100100000010011011110000100011001110110111010111100
100101100000011010000101101011000010100110110011111100010111111110110101
100101010000011000111001010000000011000001100000110010110110010000100000
110100111110011000000110100100110100101010011110100111100110000010000100
101111101100110111111110010000010001111011001010101000001001010011100001
001100111011011111010011101001101111100001100011010001011110110000010001
011001000000000101110010010000101101001010110100001101100100100111011010
001010100010100000010101010110010110100111101101011001000011010110100101
010110111011111001100011000010011010001001110110011010011010010111001101
010100101010111010010001101001101011010111100001010010011111111011110101
010010111101000111000101000010001000000010110101000100000110110110110110
101110100110111000001010001101111011001110101000000101111101011110000111
101110110111000110111010010011100011000111010011001100101000111110001110
010011011101111011110001011100001010111001111010101100011001001000011011
100000110001010110011011001000111001011011100111001100000100000100001100
100110110000010101101111101011101101110111110000101010110010100100011010
100100010110101000001011110011110100100011010110110011100010101111000001
100111010010010011001100101101010111010110111100100000110000100111100111
101011001111100000011010100111111011101010000000110011011100011011101010
110111000001110001000000110001010000100101110110000101110110111110110001
110110110100011110101110111110001110100110100011001110101100100011101111
101100000110010100011010001110011101110001000000101001001101000100011010
010000110011111111010000001011010010101110000011110110100101000000110011
110111011000000010010011000111001010011110110011010101000011001100101110
111110010000100110010100111000011100000000001010001011110011000011011010
110001001111000001101001110010001001000111011001011110001110111001000011
101001100000000111001111011010000101011011000111010101010111011001100111
011001010001110101001111000011100101000000111100100011110111011100000001
000011001001000010101111111111011111011100000101111000111010110101001101
101111100001110011111101000110010100010101010010001111001010001110101111
010110110000110011001011001110101110100000011011111110010111101010010010
111010100011011000010111000001110001110101001111111100100111100100110100
010101100011001100010001110101110100110110000010011110001010101101011000
010111110100100010000100101000011100011100110101100000010010011101111001
011101001001000001101011000110011100010010100001111001001010110010011011
011111001111011010001010110001100011010111010111100001110100011100000011
110100110110000010101011011000111011000010010010000001110110110111011110
111100101101000110101110001110101011110000110001010111111010000110101101
110010110101110011110111101011000000101110001011000011111010111101111101
101000100000111110100000011101011001010110110001010000001110001101101110
101101111111101010000010101010111001010100010101101001001101010100000110
110100010011101011111101011000011001000100010101011111010110111001100010
010000111000011000100000000000001000011001000001011001001101101011011111
101101001111111001011100100001111001110001110001100110101101110010011010
111111011101111010101101000101110110011001100001001010110111000111101001
111110100001011100000010000100011010000000111001000101100110100001001101
110100000011001011001001111001010000111110011010101001100000100110001111
100000110010100001011000100010110010001000000100001111000001000000000101
101111111010010011101001011001101011110111110010110010111010110011110000
111011000001010011000010101001000100000001100100100101100000100010000000
101011000000010000010110110000010110110100100000001111110110110011001011
101101111001110001010011011100011101010110011011111000100110111001000011
100001001101111100101001101110100101101011110001001101000111101001110011
100101001111111101011111000001011011111010001111011000101011111110011010
010011110010111010101010001001000101001100111010011110000100001111001110
001111010111111001010101101000001010111100001000101101111011101001010101
001101101011100110000000101111011110000011100011001001011100010101111110
101100000100001110111111000001010100001011110001011110110110101111111000
011011101010001101111100010000001000110000000010111001001001011111000010
011110101101010110001110011100101011111000001000000000001111110111000110
111011111111100111010000000011110011101000010000111011011000011011001101
101001000100001101100111011100110011111001001111110101100010001101000101
001111000000110111100110010000100110010000011011101110011001111100101001
001000100010011101011101100000001101111111110100001110100110110001010100
001110110110100111100110011100110001010101111100111110011101110100000110
000000010101100001010010111100111111010010101111010111101011110001101100
110011110000100000011011000110110111110111101011011110011000111111000011
111010011101100011100011111111010011010000100101011100011011110111001001
011000011101001100011001001101000010011101100000000110011101000001100000
011011011000111001110110001011110011110000111010001000001110001000111111
000111110010110011011101110010010001000001011010011101111100101001101000
101011010001110010000101101000010001100101000101110000110000000100010111
011001000001010110101111111000101010110010111100000111011111100101110111
100001001110011110100110000011100100010101000101010001100101010000011001
100000101101111101010010101000000000010111000111010001011010010010111100
000111011011100101101100110010111100100001101111001110001000010110001001
111100000001001100001000000100111001110110110000000000010100110100011000
011000000101110000010000111011101001011100011011000001010101111010101011
010110010100000000111110100001110101111101001001010101111010101001110010
110110010100010011010110001110101010001011111110011000011000010010000001
110000111010101001000000010010100010001101111011111000001010000001101000
111001110110111010000001011101111101010000111011011001101111010100000100
110011111001011100011001111100111111110010110000001010101111100001110010
001000100001001110001001000001001011001000010101011111011001100001101011
010001100011011111101100010101000111001011110000110101100110101110010011
100111100011101101011100111110100111010111000110011101110011001111000011
011000010100000101011000100111010111110100000011100000010101000111000000
001100010010011001011000001001101011010111110101000000000110000100001011
110000100101111100110100111110011011100110001010001111110000101000010011
011010000111000110100001000001111010010001100011001101000000011110111011
110111010100101111111100110111010001011001010101100010001011000000001100
011000110111101101001011010000001110101101011001100001110110010101100110
001100010011100101100010110100100110111100010010100100001011011000011101
111010010101101010111001000101110011000011101000110010010000110111111100
010000011010011100111111100010100100001110010100101110000010100110110011
011001001011011110100110101100111010100101000111000011000000011011001011
111111011011001001000001100001111000111110010110101101110110000100101011
110100010110001010110110100111000011010001011110100111011000000000111010
101110111100001011011110111010000110011101110111010001010101100001000111
000011100101100110101101001110000000100110000101111000100010010110100100
100110011111110011001010001111101111010101100100000101001110000101000010
000010000010111000001001101110011010100100001100110010111000101010000111
111001000100101001010111001010100000010001011101101100000101101100001011
110010001111111001111110110011111110010101000100011000011011000101101111
011001001101001110011001011100001001101010010111110000101011011111011011
010001001001101000011101110011111011111000110010011010101100001100110000
011000100001011101111001111101100010001001111001000101110000111110000100
001100100100010110100011011000110000011011110101101100110010001010111000
110100010111100101010111100100111101001010110100101101011000101010010100
111111100110011110100111111101110001011000001101111100111011100110110010
111001100111100101010111100101010100010000100011110101001010111101001011
001100000010000100101110010101100010110100100010010100101001110111001011
011010111101100100011010011110001100111110000010001100001111111101101110
110100100000101010100010010101111101111111001110101110011001010100001111
111000101010011001100010010000111000110011011111011010011111101011000001
000110011110111001111000100110010101100011001101011001011110111001111010
110010010110001110000100100001111100001011011100000001011011000100100001
100011011111000100000010100110100110011001101011010001110101011010010010
111010110110101101001100011011000101010011000110010100101100010000100101
001010001011110000101100010001101011011100011011101001000100011110011101
000110100000010000101010001111110111101001000110100100100111001000110010
001010100110110101100010001011011110100100111111101100101000101000011111
100001111001111011010110101010101001110110001000101111111110110010101110
101001110011100010011010010100000100011000011000001111110010010001000110
010110100111011010011111011000101111111100101000001110011100010100011101
011111011101000100101011000111010110011100000100110110010101001010011011
010000101111110101101011010111011001011000100110001000101111100000111110
100111000100111000110011010001011010110100011110111011110110011110111001
000010011110001011010000011011100001000111101000111011011110010010010000
010110011110110001000111110010011011010001010010000011000000101000111110
011001001100000111101000101010001001111000000011101110100001011110101001
001101001010000001100111101011111001111110110010100110000101011101010001
000101110001000010010100001100010100011011011000001011011000011001000110
011111111000100000001101000111110001010110001011010010111100010000100011
010111100101111011111101111110100111001011011110001111011100010000100110